0.000000 -0.117440
0.010000 0.149628
0.020000 0.637578
0.030000 -0.042000
0.040000 0.060777
0.050000 0.327086
0.060000 0.349289
0.070000 0.341804
0.080000 0.195852
0.090000 0.337086
0.100000 0.723569
0.110000 0.365335
0.120000 0.203841
0.130000 0.342600
0.140000 0.370617
0.150000 0.401727
0.160000 0.539753
0.170000 0.502498
0.180000 0.783552
0.190000 1.119127
0.200000 0.927670
0.210000 0.970836
0.220000 0.418274
0.230000 0.768216
0.240000 0.531981
0.250000 0.248857
0.260000 0.596757
0.270000 0.782121
0.280000 0.902741
0.290000 0.931392
0.300000 0.851786
0.310000 0.399921
0.320000 0.982350
0.330000 0.943918
0.340000 0.904265
0.350000 0.635935
0.360000 0.854557
0.370000 0.567419
0.380000 1.024700
0.390000 0.864638
0.400000 1.049130
0.410000 1.080833
0.420000 1.316913
0.430000 0.639771
0.440000 0.748184
0.450000 0.784696
0.460000 0.939861
0.470000 0.824164
0.480000 1.033305
0.490000 0.911103
0.500000 0.789463
0.510000 0.786169
0.520000 1.171856
0.530000 1.373593
0.540000 1.161086
0.550000 1.101070
0.560000 0.965768
0.570000 0.651592
0.580000 1.342439
0.590000 0.912023
0.600000 0.937800
0.610000 1.083820
0.620000 0.996720
0.630000 0.810842
0.640000 1.224188
0.650000 0.521332
0.660000 1.205511
0.670000 1.013500
0.680000 1.067686
0.690000 0.399980
0.700000 0.688054
0.710000 0.694790
0.720000 0.697107
0.730000 1.048555
0.740000 0.731455
0.750000 0.770016
0.760000 0.961558
0.770000 0.491786
0.780000 0.412661
0.790000 0.720260
0.800000 0.585112
0.810000 0.397745
0.820000 0.964415
0.830000 0.519769
0.839999 0.723642
0.849999 0.207909
0.859999 0.398320
0.869999 0.234284
0.879999 0.645926
0.889999 0.409969
0.899999 0.205041
0.909999 0.170470
0.919999 0.548996
0.929999 0.195306
0.939999 -0.085036
0.949999 0.160100
0.959999 0.470285
0.969999 -0.045450
0.979999 -0.311907
0.989999 0.149038
0.999999 0.177488
1.009999 0.217533
1.019999 0.336885
1.029999 -0.137925
1.039999 -0.324648
1.049999 -0.225924
1.059999 -0.137720
1.069999 0.252267
1.079999 -0.286357
1.089999 -0.483532
1.099999 -0.162912
1.109999 -0.790336
1.119999 -0.482605
1.129999 -0.905443
1.139999 -0.230408
1.149999 -0.556169
1.159999 -0.555148
1.169999 -0.892946
1.179999 -0.175230
1.189999 -0.460237
1.199999 -0.746619
1.209999 -0.475315
1.219999 -0.385807
1.229999 -0.736459
1.239999 -0.683495
1.249999 -0.483854
1.259999 -0.706641
1.269999 -0.884696
1.279999 -0.738268
1.289999 -1.099841
1.299999 -0.573963
1.309999 -0.739955
1.319999 -0.715844
1.329999 -1.105839
1.339999 -0.986032
1.349999 -0.822012
1.359999 -0.940765
1.369999 -0.831361
1.379999 -1.208808
1.389999 -1.154340
1.399999 -1.098071
1.409999 -0.864637
1.419999 -0.782976
1.429999 -0.860489
1.439999 -0.848932
1.449999 -0.659059
1.459999 -1.088813
1.469999 -1.134666
1.479999 -0.921396
1.489999 -0.911304
1.499999 -1.052702
1.509999 -1.069531
1.519999 -0.990705
1.529999 -1.063001
1.539999 -1.214875
1.549999 -1.014054
1.559999 -0.736593
1.569999 -0.794661
1.579999 -0.950974
1.589999 -1.135564
1.599999 -1.016713
1.609999 -1.249072
1.619999 -0.702545
1.629999 -1.161300
1.639999 -0.984871
1.649999 -1.227988
1.659999 -0.326521
1.669999 -0.631028
1.679999 -0.755380
1.689999 -1.063944
1.699999 -0.808505
1.709999 -0.666888
1.719999 -0.722826
1.729999 -0.645896
1.739999 -0.965017
1.749999 -0.832364
1.759999 -0.686009
1.769999 -0.653918
1.779999 -0.814711
1.789999 -0.558867
1.799999 -0.785134
1.809999 -0.593140
1.819999 -0.404599
1.829999 -0.580293
1.839999 -0.646999
1.849999 -0.292873
1.859999 -0.515180
1.869999 -0.693253
1.879999 -0.003896
1.889999 -0.042767
1.899999 -0.846984
1.909999 -0.653418
1.919999 0.025752
1.929999 0.160211
1.939999 -0.128829
1.949998 -0.102269
1.959998 0.054665
1.969998 0.225451
1.979998 0.170391
1.989998 -0.477651
1.999998 -0.174293
2.009999 0.160652
2.019999 0.088652
2.029999 0.291736
2.039999 -0.007755
2.049999 -0.004313
2.059999 0.372938
2.069999 0.570950
2.079998 0.476531
2.089998 -0.124727
2.099998 0.305358
2.109998 0.150391
2.119998 0.689490
2.129998 0.546102
2.139998 0.637092
2.149998 0.790171
2.159998 0.560052
2.169998 0.416414
2.179998 0.583187
2.189998 0.795346
2.199998 0.757560
2.209998 0.659480
2.219998 0.232721
2.229998 0.811328
2.239998 0.563426
2.249998 0.504394
2.259998 0.872985
2.269998 0.850038
2.279998 0.566386
2.289998 0.687378
2.299998 0.916030
2.309998 1.071037
2.319998 1.257620
2.329998 0.384914
2.339998 0.709060
2.349998 0.522064
2.359998 0.173270
2.369998 0.942779
2.379998 0.730451
2.389998 0.839114
2.399998 1.200650
2.409998 0.764363
2.419998 1.110070
2.429998 1.061095
2.439998 0.952141
2.449998 1.053797
2.459998 1.324918
2.469998 1.024148
2.479998 1.024329
2.489998 1.109272
2.499998 1.254082
2.509998 0.705806
2.519998 0.781280
2.529998 0.998474
2.539998 0.775597
2.549998 0.821406
2.559998 1.164005
2.569998 0.998352
2.579998 1.042392
2.589998 0.786866
2.599998 0.918720
2.609998 0.409876
2.619998 0.926800
2.629998 1.244899
2.639998 0.947678
2.649998 0.355989
2.659998 1.309642
2.669998 0.935464
2.679998 1.195270
2.689998 0.482716
2.699998 0.628970
2.709998 0.846913
2.719998 1.024161
2.729998 0.745274
2.739998 1.105228
2.749998 0.703565
2.759998 0.565785
2.769998 0.948070
2.779998 0.807701
2.789998 0.156917
2.799998 0.688207
2.809998 0.591913
2.819998 0.285332
2.829998 0.412543
2.839998 0.351544
2.849998 0.542471
2.859998 0.543568
2.869998 0.427535
2.879998 0.255439
2.889998 0.376179
2.899998 0.540341
2.909998 0.341733
2.919998 0.351067
2.929998 0.380658
2.939998 0.524188
2.949998 0.346973
2.959998 -0.119423
2.969998 0.188269
2.979998 -0.188187
2.989998 -0.253852
2.999998 -0.263937
3.009998 0.293417
3.019998 0.060122
3.029998 0.030603
3.039998 0.002697
3.049998 0.373892
3.059998 -0.176285
3.069998 -0.203856
3.079998 -0.468683
3.089998 -0.195946
3.099998 -0.438544
3.109998 -0.668351
3.119998 -0.524403
3.129997 -0.421730
3.139997 -0.279555
3.149997 -0.841899
3.159997 -0.421123
3.169997 -0.844282
3.179997 -0.608389
3.189997 -0.713579
3.199997 -0.524852
3.209997 -0.684198
3.219997 -0.789628
3.229997 -0.454645
3.239997 -0.631857
3.249997 -0.668156
3.259997 -0.409919
3.269997 -0.598663
3.279997 -0.853155
3.289997 -0.573514
3.299997 -0.891206
3.309997 -0.714363
3.319997 -1.024417
3.329997 -1.027415
3.339997 -0.868945
3.349997 -0.816902
3.359997 -0.708751
3.369997 -1.496104
3.379997 -1.021851
3.389997 -0.995429
3.399997 -0.865143
3.409997 -1.017936
3.419997 -1.023663
3.429997 -0.834557
3.439997 -1.425056
3.449997 -1.281134
3.459997 -0.964608
3.469997 -0.723034
3.479997 -0.638584
3.489997 -1.189392
3.499997 -0.992330
3.509997 -0.863283
3.519997 -1.123000
3.529997 -1.314816
3.539997 -0.872870
3.549997 -1.330039
3.559997 -0.949796
3.569997 -0.896799
3.579997 -1.004421
3.589997 -0.747265
3.599997 -0.846088
3.609997 -0.643958
3.619997 -0.878124
3.629997 -1.163170
3.639997 -1.199041
3.649997 -1.015565
3.659997 -1.016711
3.669997 -0.808501
3.679997 -0.609346
3.689997 -0.705272
3.699997 -0.672224
3.709997 -0.573226
3.719997 -0.701054
3.729997 -0.315060
3.739997 -0.912495
3.749997 -0.612134
3.759997 -0.523079
3.769997 -0.464229
3.779997 -0.427006
3.789997 -0.311459
3.799997 -0.777675
3.809997 -0.540373
3.819997 -0.637645
3.829997 -0.668523
3.839997 -0.447364
3.849997 -0.446968
3.859997 -0.476266
3.869997 -0.300818
3.879997 -0.588762
3.889997 -0.020038
3.899997 -0.408354
3.909997 -0.400005
3.919997 -0.611006
3.929997 -0.190673
3.939997 0.011291
3.949997 -0.187843
3.959997 -0.052398
3.969997 0.004602
3.979997 -0.388895
3.989997 -0.082321
3.999997 -0.210290
4.009997 -0.022308
4.019997 -0.103351
4.029997 -0.041249
4.039998 -0.112203
4.049998 0.235714
4.059998 0.041327
4.069998 0.347812
4.079998 0.526735
4.089999 0.578627
4.099999 0.502847
4.109999 0.315089
4.119999 0.498010
4.130000 0.446401
4.140000 0.200020
4.150000 0.539067
4.160000 0.852085
4.170001 0.089302
4.180001 0.685946
4.190001 0.573971
4.200001 1.122911
4.210001 0.860155
4.220002 0.307602
4.230002 0.521360
4.240002 0.660373
4.250002 0.636181
4.260003 0.854397
4.270003 0.617739
4.280003 0.619231
4.290003 0.750085
4.300004 0.841028
4.310004 0.667229
4.320004 0.755590
4.330004 0.759996
4.340004 1.341121
4.350005 0.742373
4.360005 1.091387
4.370005 1.271809
4.380005 0.796722
4.390006 1.355127
4.400006 0.871996
4.410006 1.213471
4.420006 1.057367
4.430007 0.683986
4.440007 0.978274
4.450007 1.003124
4.460007 1.447559
4.470007 0.640612
4.480008 1.195099
4.490008 1.322403
4.500008 0.980384
4.510008 0.990248
4.520009 0.657706
4.530009 0.864663
4.540009 1.123656
4.550009 1.057868
4.560009 1.049615
4.570010 1.092360
4.580010 0.613804
4.590010 0.618439
4.600010 1.087265
4.610011 0.877634
4.620011 0.494602
4.630011 1.193922
4.640011 0.722808
4.650012 1.184545
4.660012 1.077090
4.670012 1.054308
4.680012 0.939666
4.690012 0.687203
4.700013 0.620678
4.710013 0.647768
4.720013 0.831228
4.730013 0.886276
4.740014 0.221237
4.750014 0.777143
4.760014 0.364888
4.770014 0.682853
4.780015 1.075314
4.790015 0.442093
4.800015 0.650181
4.810015 0.433141
4.820015 0.490964
4.830016 0.496966
4.840016 0.243172
4.850016 0.703202
4.860016 0.195541
4.870017 0.331242
4.880017 0.261708
4.890017 0.385761
4.900017 0.454559
4.910017 0.090411
4.920018 0.593818
4.930018 0.425116
4.940018 0.648128
4.950018 0.289331
4.960019 -0.076694
4.970019 0.120120
4.980019 0.057386
4.990019 0.142635
