0.000000 3.000000
0.000500 2.569248
0.001000 1.427571
0.001500 -0.029429
0.002000 -1.308234
0.002500 -1.999703
0.003000 -1.927548
0.003500 -1.207061
0.004000 -0.192507
0.004500 0.665888
0.005000 0.999999
0.005500 0.668307
0.006000 -0.188697
0.006500 -1.203512
0.007000 -1.925887
0.007500 -2.000885
0.008000 -1.312144
0.008500 -0.034895
0.009000 1.422366
0.009500 2.566091
0.010000 2.999994
0.010500 2.572393
0.011000 1.432772
0.011500 -0.023963
0.012000 -1.304316
0.012500 -1.998510
0.013000 -1.929199
0.013500 -1.210604
0.014000 -0.196320
0.014500 0.663462
0.015000 0.999989
0.015500 0.670717
0.016000 -0.184889
0.016500 -1.199956
0.017000 -1.924215
0.017500 -2.002058
0.018000 -1.316055
0.018500 -0.040368
0.019000 1.417141
0.019500 2.562914
0.020000 2.999975
